10 18 3

0 193 139 134 231 158 152 249 196 171 
193 0 209 136 131 227 174 149 246 240 
139 209 0 205 132 127 224 170 146 242 
134 136 205 0 202 149 124 220 167 142 
231 131 132 202 0 198 145 120 217 163 
158 227 127 149 198 0 195 142 238 213 
152 174 224 124 145 195 0 192 138 235 
249 149 170 220 120 142 192 0 140 135 
196 246 146 167 217 238 138 140 0 136 
171 240 242 142 163 213 235 135 136 0 

0 216 191 186 132 127 204 199 146 242 
216 0 159 134 231 225 172 147 244 239 
191 159 0 102 179 174 120 217 192 139 
186 134 102 0 147 122 218 165 140 237 
132 231 179 147 0 192 167 113 108 185 
127 225 174 122 192 0 236 212 158 153 
204 172 120 218 167 236 0 160 106 101 
199 147 217 165 113 212 160 0 205 151 
146 244 192 140 108 158 106 205 0 249 
242 239 139 237 185 153 101 151 249 0 

331 0 8 282
556 0 8 397
393 0 8 337
524 0 8 368
550 1 9 391
386 1 9 331
422 1 9 362
553 1 9 394
334 1 9 426
416 2 9 273
490 2 9 388
327 2 0 454
363 2 0 485
399 2 0 342
529 2 0 373
555 8 0 396
486 9 0 419
418 9 1 275

3020

0 0 0
1 901 23
2 367 22
3 341 48
4 726 46
5 941 45
6 916 31
7 550 30
8 525 49
9 499 48
