10 19 3

0 172 118 113 190 137 131 228 203 150 
172 0 168 163 110 105 181 128 123 219 
118 168 0 213 160 154 101 178 173 119 
113 163 213 0 229 156 151 248 223 169 
190 110 160 229 0 226 201 148 244 239 
137 105 154 156 226 0 121 197 144 139 
131 181 101 151 201 121 0 117 214 189 
228 128 178 248 148 197 117 0 114 210 
203 123 173 223 244 144 214 114 0 110 
150 219 119 169 239 139 189 210 110 0 

0 178 173 100 245 191 166 113 108 204 
178 0 121 246 193 188 134 109 206 201 
173 121 0 214 189 136 131 227 203 149 
100 246 214 0 157 234 229 176 151 247 
245 193 189 157 0 202 177 124 119 196 
191 188 136 234 202 0 126 120 217 212 
166 134 131 229 177 126 0 219 165 160 
113 109 227 176 124 120 219 0 113 108 
108 206 203 151 119 217 165 113 0 207 
204 201 149 247 196 212 160 108 207 0 

465 0 4 347
325 0 4 287
437 0 4 434
498 0 1 380
276 0 1 272
388 0 1 385
405 1 2 402
264 1 2 433
474 2 3 390
334 2 3 330
446 2 3 362
381 3 4 378
274 3 4 410
305 3 4 340
318 3 1 280
430 3 1 345
371 4 2 334
474 4 2 439
334 4 2 470

3434

0 0 0
1 828 47
2 945 25
3 919 24
4 652 40
5 770 39
6 744 38
7 477 27
8 353 22
9 327 21
